4165 4220
block_0 625 320 0 3100 625 3420
block_1 500 600 1600 0 2100 600
block_2 750 400 1250 2725 2000 3125
block_3 500 600 1600 1400 2100 2000
block_4 500 800 2100 2600 2600 3400
block_5 800 500 3365 875 4165 1375
block_6 500 800 1600 600 2100 1400
block_7 500 800 2600 2600 3100 3400
block_8 640 625 2725 0 3365 625
block_9 625 800 0 3420 625 4220
block_10 1000 500 600 1600 1600 2100
block_11 1000 500 3100 2000 4100 2500
block_12 800 625 3365 1375 4165 2000
block_13 800 625 1250 2100 2050 2725
block_14 500 1000 700 2100 1200 3100
block_15 600 1000 2100 960 2700 1960
block_16 600 1000 0 1000 600 2000
block_17 1000 600 2100 3400 3100 4000
block_18 625 960 2100 0 2725 960
block_19 600 1000 0 0 600 1000
block_20 1000 600 2100 2000 3100 2600
block_21 700 1000 0 2100 700 3100
block_22 1000 700 600 0 1600 700
block_23 1000 700 3100 2500 4100 3200
block_24 800 875 3365 0 4165 875
block_25 625 1120 625 3100 1250 4220
block_26 1000 800 3100 3200 4100 4000
block_27 640 1250 2725 625 3365 1875
block_28 800 1000 1250 3125 2050 4125
block_29 1000 900 600 700 1600 1600
